{
 "cells": [
  {
   "cell_type": "code",
   "execution_count": 147,
   "metadata": {
    "collapsed": true
   },
   "outputs": [],
   "source": [
    "import pandas as pd\n",
    "import numpy as np\n",
    "import random as rd\n",
    "\n",
    "\n",
    "dataset = pd.read_csv('exercise8_infile1.csv')\n",
    "# print(dataset.describe())\n",
    "\n",
    "X = dataset.values"
   ]
  },
  {
   "cell_type": "code",
   "execution_count": 148,
   "outputs": [],
   "source": [
    "\n",
    "m=X.shape[0] #number of training examples\n",
    "n=X.shape[1] #number of features. Here n=3\n"
   ],
   "metadata": {
    "collapsed": false,
    "pycharm": {
     "name": "#%%\n"
    }
   }
  },
  {
   "cell_type": "code",
   "execution_count": 149,
   "outputs": [
    {
     "data": {
      "text/plain": "array([], shape=(3, 0), dtype=float64)"
     },
     "execution_count": 149,
     "metadata": {},
     "output_type": "execute_result"
    }
   ],
   "source": [
    "n_iter = 100\n",
    "\n",
    "K = 3 #number of clusters\n",
    "\n",
    "rd.seed(0)\n",
    "\n",
    "Centroids=np.array([]).reshape(n,0)\n",
    "Centroids"
   ],
   "metadata": {
    "collapsed": false,
    "pycharm": {
     "name": "#%%\n"
    }
   }
  },
  {
   "cell_type": "code",
   "execution_count": 150,
   "outputs": [
    {
     "data": {
      "text/plain": "array([[30.96752128, 20.50786733, 22.58645177],\n       [27.96099865, 21.6644563 , 23.53520191],\n       [30.42075504, 19.59854475, 18.42445252]])"
     },
     "execution_count": 150,
     "metadata": {},
     "output_type": "execute_result"
    }
   ],
   "source": [
    "for i in range(K):\n",
    "    rand=rd.randint(0,m-1)\n",
    "    Centroids=np.c_[Centroids, X[rand]]\n",
    "\n",
    "Centroids"
   ],
   "metadata": {
    "collapsed": false,
    "pycharm": {
     "name": "#%%\n"
    }
   }
  },
  {
   "cell_type": "code",
   "execution_count": 151,
   "outputs": [
    {
     "data": {
      "text/plain": "array([], shape=(100, 0), dtype=float64)"
     },
     "execution_count": 151,
     "metadata": {},
     "output_type": "execute_result"
    }
   ],
   "source": [
    "Output={}\n",
    "\n",
    "EuclidianDistance=np.array([]).reshape(m,0)\n",
    "EuclidianDistance"
   ],
   "metadata": {
    "collapsed": false,
    "pycharm": {
     "name": "#%%\n"
    }
   }
  },
  {
   "cell_type": "code",
   "execution_count": 152,
   "outputs": [
    {
     "data": {
      "text/plain": "array([2, 2, 1, 2, 2, 2, 2, 2, 2, 1, 2, 1, 2, 2, 2, 2, 2, 2, 2, 2, 1, 1,\n       2, 1, 2, 2, 2, 2, 2, 2, 2, 2, 2, 1, 2, 2, 3, 2, 2, 2, 2, 2, 2, 2,\n       2, 1, 2, 2, 1, 1, 1, 1, 2, 3, 1, 2, 2, 1, 1, 2, 1, 3, 2, 1, 2, 1,\n       2, 2, 2, 2, 2, 1, 2, 2, 2, 2, 1, 2, 1, 1, 2, 1, 2, 1, 2, 2, 2, 1,\n       2, 2, 1, 2, 2, 1, 2, 1, 2, 2, 2, 1], dtype=int64)"
     },
     "execution_count": 152,
     "metadata": {},
     "output_type": "execute_result"
    }
   ],
   "source": [
    "for k in range(K):\n",
    "    tempDist=np.sum((X-Centroids[:,k])**2,axis=1)\n",
    "    EuclidianDistance=np.c_[EuclidianDistance,tempDist]\n",
    "C=np.argmin(EuclidianDistance,axis=1)+1\n",
    "C"
   ],
   "metadata": {
    "collapsed": false,
    "pycharm": {
     "name": "#%%\n"
    }
   }
  },
  {
   "cell_type": "code",
   "execution_count": 156,
   "outputs": [
    {
     "data": {
      "text/plain": "{1: array([], shape=(3, 0), dtype=float64),\n 2: array([], shape=(3, 0), dtype=float64),\n 3: array([], shape=(3, 0), dtype=float64)}"
     },
     "execution_count": 156,
     "metadata": {},
     "output_type": "execute_result"
    }
   ],
   "source": [
    "Y = {}\n",
    "for k in range(K):\n",
    "    Y[k + 1] = np.array([]).reshape(3, 0)\n",
    "Y"
   ],
   "metadata": {
    "collapsed": false,
    "pycharm": {
     "name": "#%%\n"
    }
   }
  },
  {
   "cell_type": "code",
   "execution_count": 157,
   "outputs": [
    {
     "data": {
      "text/plain": "{1: array([[32.30452983, 29.88635144, 31.41014476, 28.40166261, 29.66427827,\n         27.72509654, 28.44178609, 31.48651714, 31.54520668, 30.96752128,\n         29.58787518, 33.95938105, 30.56133015, 26.58656947, 27.82446698,\n         32.22876595, 33.47476935, 30.40366036, 31.1818055 , 33.25095666,\n         32.21055575, 30.52799694, 31.98677116, 29.8172419 , 28.71733167,\n         33.88515712, 30.92971026, 33.68525037, 32.24857821],\n        [30.39328682, 28.42378979, 26.64011609, 29.99290876, 30.65011486,\n         29.38759197, 29.66296012, 29.80896829, 29.43298535, 27.96099865,\n         30.08431088, 29.23546907, 29.85377459, 27.33609667, 30.18630078,\n         28.82695212, 30.99400602, 27.88576093, 30.39275995, 28.50930775,\n         31.36581132, 29.82563463, 29.78532685, 32.79801997, 31.8898348 ,\n         30.11443663, 30.87633269, 32.90285852, 29.78001702],\n        [26.9095717 , 30.13541958, 33.99995127, 31.02518927, 29.57617415,\n         31.65594929, 31.14741844, 29.38896202, 29.85451224, 30.42075504,\n         27.19087878, 31.05064016, 32.32067714, 26.47862288, 27.53698213,\n         27.52629325, 32.27383796, 31.08431455, 30.52821442, 30.84907394,\n         34.80658512, 30.58106936, 34.8849834 , 32.46692729, 30.15050877,\n         25.75220397, 32.24465664, 28.7639263 , 30.01709789]]),\n 2: array([[12.92421587,  9.14709982,  9.26108503, 12.31392655, 11.2786098 ,\n          9.47161327, 12.66582015, 12.02778486,  9.4697092 , 13.21591424,\n         13.08581863,  6.41632953, 10.13793961,  9.75223334, 12.47232806,\n         12.82896545,  8.45541115, 10.0931346 , 10.4656646 ,  7.29888457,\n         11.55429304, 10.73898543,  7.20675915, 10.73266403, 11.59005219,\n         12.40410972, 10.87322554, 12.14505491,  9.9102161 ,  8.18265234,\n         13.25075547],\n        [ 5.87971858, 12.76281461,  8.29989525, 13.31960435, 10.09505211,\n         11.69258893, 11.02585964,  8.52313764,  9.65415656, 11.36967298,\n          9.10453662,  9.18389568, 10.94648278, 11.43855027,  7.81343054,\n          7.16671   ,  8.52908572, 12.35644489, 10.31078653,  8.31490258,\n         10.18070236,  7.13900277, 10.00595799,  7.91082124,  9.25112336,\n         12.64486153, 10.07644328,  9.83098395, 10.33072631,  8.51656298,\n         11.86888894],\n        [ 9.35516559, 10.19674102, 11.92164001, 11.48408832,  8.93507681,\n         14.173465  ,  9.40381433, 10.51541334,  6.23299855,  8.80907934,\n          6.44461533, 10.20460439,  8.69928996, 12.46879897,  9.77495568,\n         11.34702691,  9.47829578,  8.18643099, 11.18745031,  8.96030709,\n          9.62680505, 11.7088858 ,  9.46450729, 14.10234689, 10.26809639,\n         11.96631746, 12.980154  ,  9.40527623, 10.05508872, 11.27731741,\n         13.22705896]]),\n 3: array([[18.90050765, 17.90970634, 19.23189129, 21.45995119, 19.8160534 ,\n         17.92218815, 24.08405749, 20.04577195, 21.05295662, 20.76122161,\n         19.61202082, 18.94575147, 17.06341553, 18.71774801, 19.09366279,\n         22.54751186, 21.04115267, 20.03481882, 18.00594634, 17.45488249,\n         22.58645177, 19.08069652, 20.45571506, 21.75167786, 20.64356494,\n         18.59920299, 15.8055188 , 17.20284354, 19.00357287, 19.47007864,\n         21.171324  , 20.15434788, 20.44511133, 19.23902842, 21.64916925,\n         18.68265491, 23.38123485, 20.10089907, 20.50786733, 19.39442827],\n        [17.19425457, 15.27306279, 21.7716588 , 20.74598758, 18.73778334,\n         17.88348688, 20.89504138, 20.21617323, 22.49659957, 18.50446728,\n         23.14826294, 19.20146366, 20.08310555, 20.24364254, 21.20830728,\n         23.9342035 , 17.71131722, 17.75596254, 20.1795442 , 20.62709544,\n         23.53520191, 20.4269489 , 17.94207903, 20.74863781, 22.68263566,\n         19.5932111 , 19.10273873, 20.25137966, 19.37803004, 22.21456446,\n         18.40821392, 18.24543696, 19.8133898 , 20.0227454 , 21.30916031,\n         22.34845483, 19.40507529, 20.5699592 , 21.6644563 , 20.20120145],\n        [23.1655046 , 22.2706907 , 21.26380374, 21.06762182, 18.18531329,\n         21.31256816, 21.36676846, 22.03052584, 18.48465172, 17.36464499,\n         21.51380094, 20.36213483, 20.05366298, 22.25896782, 24.77041163,\n         16.28403627, 21.60372206, 18.96581108, 22.01436122, 21.00636963,\n         18.42445252, 19.5277486 , 21.21388066, 16.30089769, 20.28335037,\n         20.48533888, 20.94111919, 17.75018878, 19.99621703, 17.30252696,\n         21.44046498, 18.26442555, 22.07311185, 17.46239225, 19.8976231 ,\n         21.03706366, 19.49480041, 18.77069965, 19.59854475, 21.93069051]])}"
     },
     "execution_count": 157,
     "metadata": {},
     "output_type": "execute_result"
    }
   ],
   "source": [
    "for i in range(m):\n",
    "    Y[C[i]] = np.c_[Y[C[i]], X[i]]\n",
    "Y"
   ],
   "metadata": {
    "collapsed": false,
    "pycharm": {
     "name": "#%%\n"
    }
   }
  },
  {
   "cell_type": "code",
   "execution_count": 158,
   "outputs": [
    {
     "data": {
      "text/plain": "{1: array([[32.30452983, 30.39328682, 26.9095717 ],\n        [29.88635144, 28.42378979, 30.13541958],\n        [31.41014476, 26.64011609, 33.99995127],\n        [28.40166261, 29.99290876, 31.02518927],\n        [29.66427827, 30.65011486, 29.57617415],\n        [27.72509654, 29.38759197, 31.65594929],\n        [28.44178609, 29.66296012, 31.14741844],\n        [31.48651714, 29.80896829, 29.38896202],\n        [31.54520668, 29.43298535, 29.85451224],\n        [30.96752128, 27.96099865, 30.42075504],\n        [29.58787518, 30.08431088, 27.19087878],\n        [33.95938105, 29.23546907, 31.05064016],\n        [30.56133015, 29.85377459, 32.32067714],\n        [26.58656947, 27.33609667, 26.47862288],\n        [27.82446698, 30.18630078, 27.53698213],\n        [32.22876595, 28.82695212, 27.52629325],\n        [33.47476935, 30.99400602, 32.27383796],\n        [30.40366036, 27.88576093, 31.08431455],\n        [31.1818055 , 30.39275995, 30.52821442],\n        [33.25095666, 28.50930775, 30.84907394],\n        [32.21055575, 31.36581132, 34.80658512],\n        [30.52799694, 29.82563463, 30.58106936],\n        [31.98677116, 29.78532685, 34.8849834 ],\n        [29.8172419 , 32.79801997, 32.46692729],\n        [28.71733167, 31.8898348 , 30.15050877],\n        [33.88515712, 30.11443663, 25.75220397],\n        [30.92971026, 30.87633269, 32.24465664],\n        [33.68525037, 32.90285852, 28.7639263 ],\n        [32.24857821, 29.78001702, 30.01709789]]),\n 2: array([[12.92421587,  5.87971858,  9.35516559],\n        [ 9.14709982, 12.76281461, 10.19674102],\n        [ 9.26108503,  8.29989525, 11.92164001],\n        [12.31392655, 13.31960435, 11.48408832],\n        [11.2786098 , 10.09505211,  8.93507681],\n        [ 9.47161327, 11.69258893, 14.173465  ],\n        [12.66582015, 11.02585964,  9.40381433],\n        [12.02778486,  8.52313764, 10.51541334],\n        [ 9.4697092 ,  9.65415656,  6.23299855],\n        [13.21591424, 11.36967298,  8.80907934],\n        [13.08581863,  9.10453662,  6.44461533],\n        [ 6.41632953,  9.18389568, 10.20460439],\n        [10.13793961, 10.94648278,  8.69928996],\n        [ 9.75223334, 11.43855027, 12.46879897],\n        [12.47232806,  7.81343054,  9.77495568],\n        [12.82896545,  7.16671   , 11.34702691],\n        [ 8.45541115,  8.52908572,  9.47829578],\n        [10.0931346 , 12.35644489,  8.18643099],\n        [10.4656646 , 10.31078653, 11.18745031],\n        [ 7.29888457,  8.31490258,  8.96030709],\n        [11.55429304, 10.18070236,  9.62680505],\n        [10.73898543,  7.13900277, 11.7088858 ],\n        [ 7.20675915, 10.00595799,  9.46450729],\n        [10.73266403,  7.91082124, 14.10234689],\n        [11.59005219,  9.25112336, 10.26809639],\n        [12.40410972, 12.64486153, 11.96631746],\n        [10.87322554, 10.07644328, 12.980154  ],\n        [12.14505491,  9.83098395,  9.40527623],\n        [ 9.9102161 , 10.33072631, 10.05508872],\n        [ 8.18265234,  8.51656298, 11.27731741],\n        [13.25075547, 11.86888894, 13.22705896]]),\n 3: array([[18.90050765, 17.19425457, 23.1655046 ],\n        [17.90970634, 15.27306279, 22.2706907 ],\n        [19.23189129, 21.7716588 , 21.26380374],\n        [21.45995119, 20.74598758, 21.06762182],\n        [19.8160534 , 18.73778334, 18.18531329],\n        [17.92218815, 17.88348688, 21.31256816],\n        [24.08405749, 20.89504138, 21.36676846],\n        [20.04577195, 20.21617323, 22.03052584],\n        [21.05295662, 22.49659957, 18.48465172],\n        [20.76122161, 18.50446728, 17.36464499],\n        [19.61202082, 23.14826294, 21.51380094],\n        [18.94575147, 19.20146366, 20.36213483],\n        [17.06341553, 20.08310555, 20.05366298],\n        [18.71774801, 20.24364254, 22.25896782],\n        [19.09366279, 21.20830728, 24.77041163],\n        [22.54751186, 23.9342035 , 16.28403627],\n        [21.04115267, 17.71131722, 21.60372206],\n        [20.03481882, 17.75596254, 18.96581108],\n        [18.00594634, 20.1795442 , 22.01436122],\n        [17.45488249, 20.62709544, 21.00636963],\n        [22.58645177, 23.53520191, 18.42445252],\n        [19.08069652, 20.4269489 , 19.5277486 ],\n        [20.45571506, 17.94207903, 21.21388066],\n        [21.75167786, 20.74863781, 16.30089769],\n        [20.64356494, 22.68263566, 20.28335037],\n        [18.59920299, 19.5932111 , 20.48533888],\n        [15.8055188 , 19.10273873, 20.94111919],\n        [17.20284354, 20.25137966, 17.75018878],\n        [19.00357287, 19.37803004, 19.99621703],\n        [19.47007864, 22.21456446, 17.30252696],\n        [21.171324  , 18.40821392, 21.44046498],\n        [20.15434788, 18.24543696, 18.26442555],\n        [20.44511133, 19.8133898 , 22.07311185],\n        [19.23902842, 20.0227454 , 17.46239225],\n        [21.64916925, 21.30916031, 19.8976231 ],\n        [18.68265491, 22.34845483, 21.03706366],\n        [23.38123485, 19.40507529, 19.49480041],\n        [20.10089907, 20.5699592 , 18.77069965],\n        [20.50786733, 21.6644563 , 19.59854475],\n        [19.39442827, 20.20120145, 21.93069051]])}"
     },
     "execution_count": 158,
     "metadata": {},
     "output_type": "execute_result"
    }
   ],
   "source": [
    "for k in range(K):\n",
    "    Y[k + 1] = Y[k + 1].T\n",
    "Y"
   ],
   "metadata": {
    "collapsed": false,
    "pycharm": {
     "name": "#%%\n"
    }
   }
  },
  {
   "cell_type": "code",
   "execution_count": null,
   "outputs": [],
   "source": [
    "for k in range(K):\n",
    "    Centroids[:, k] = np.mean(Y[k + 1], axis=0)\n",
    "\n",
    "Centroids"
   ],
   "metadata": {
    "collapsed": false,
    "pycharm": {
     "name": "#%%\n"
    }
   }
  },
  {
   "cell_type": "code",
   "execution_count": 154,
   "outputs": [
    {
     "name": "stdout",
     "output_type": "stream",
     "text": [
      "number of points in cluster 1:  29\n",
      "number of points in cluster 2:  31\n",
      "number of points in cluster 3:  40\n"
     ]
    }
   ],
   "source": [
    "for i in range(n_iter):\n",
    "    EuclidianDistance = np.array([]).reshape(m, 0)\n",
    "    for k in range(K):\n",
    "        tempDist = np.sum((X - Centroids[:, k]) ** 2, axis=1)\n",
    "        EuclidianDistance = np.c_[EuclidianDistance, tempDist]\n",
    "    C = np.argmin(EuclidianDistance, axis=1) + 1\n",
    "    Y = {}\n",
    "    for k in range(K):\n",
    "        Y[k + 1] = np.array([]).reshape(3, 0)\n",
    "\n",
    "    for i in range(m):\n",
    "        Y[C[i]] = np.c_[Y[C[i]], X[i]]\n",
    "\n",
    "    for k in range(K):\n",
    "        Y[k + 1] = Y[k + 1].T\n",
    "\n",
    "    for k in range(K):\n",
    "        Centroids[:, k] = np.mean(Y[k + 1], axis=0)\n",
    "    Output = Y\n",
    "\n",
    "print('number of points in cluster 1: ',len(Output[1]))\n",
    "# print(Output[1])\n",
    "\n",
    "print('number of points in cluster 2: ',len(Output[2]))\n",
    "# print(Output[2])\n",
    "\n",
    "print('number of points in cluster 3: ',len(Output[3]))\n",
    "# print(Output[3])"
   ],
   "metadata": {
    "collapsed": false,
    "pycharm": {
     "name": "#%%\n"
    }
   }
  }
 ],
 "metadata": {
  "kernelspec": {
   "name": "pycharm-865e1948",
   "language": "python",
   "display_name": "PyCharm (GITHUB_REPOSITORY)"
  },
  "language_info": {
   "codemirror_mode": {
    "name": "ipython",
    "version": 2
   },
   "file_extension": ".py",
   "mimetype": "text/x-python",
   "name": "python",
   "nbconvert_exporter": "python",
   "pygments_lexer": "ipython2",
   "version": "2.7.6"
  }
 },
 "nbformat": 4,
 "nbformat_minor": 0
}